 NUMERO DE PATAMARES
 XX
  3
ANO   DURACAO MENSAL DOS PATAMARES DE CARGA
      JAN     FEV     MAR     ABR     MAI     JUN     JUL     AGO     SET     OUT     NOV     DEZ   
      X.XXXX  X.XXXX  X.XXXX  X.XXXX  X.XXXX  X.XXXX  X.XXXX  X.XXXX  X.XXXX  X.XXXX  X.XXXX  X.XXXX
2020  0.2366  0.2184  0.2366  0.2778  0.3226  0.3500  0.3710  0.3387  0.2917  0.2823  0.2222  0.2366  
      0.2728  0.2615  0.2728  0.2222  0.1935  0.1958  0.1976  0.1949  0.2250  0.2231  0.2639  0.2728  
      0.4906  0.5201  0.4906  0.5000  0.4839  0.4542  0.4314  0.4664  0.4833  0.4946  0.5139  0.4906  
2021  0.2151  0.2262  0.2473  0.2778  0.3387  0.3500  0.3548  0.3548  0.2917  0.2688  0.2222  0.2473  
      0.2594  0.2664  0.2796  0.2222  0.1949  0.1958  0.1962  0.1962  0.2250  0.2204  0.2639  0.2796  
      0.5255  0.5074  0.4731  0.5000  0.4664  0.4542  0.4490  0.4490  0.4833  0.5108  0.5139  0.4731  
2022  0.2258  0.2381  0.2366  0.2639  0.3548  0.3500  0.3387  0.3710  0.2917  0.2688  0.2222  0.2366  
      0.2661  0.2738  0.2728  0.2194  0.1962  0.1958  0.1949  0.1976  0.2250  0.2204  0.2639  0.2728  
      0.5081  0.4881  0.4906  0.5167  0.4490  0.4542  0.4664  0.4314  0.4833  0.5108  0.5139  0.4906  
2023  0.2366  0.2262  0.2473  0.2500  0.3548  0.3500  0.3387  0.3710  0.2778  0.2823  0.2222  0.2151  
      0.2728  0.2664  0.2796  0.2167  0.1962  0.1958  0.1949  0.1976  0.2222  0.2231  0.2639  0.2594  
      0.4906  0.5074  0.4731  0.5333  0.4490  0.4542  0.4664  0.4314  0.5000  0.4946  0.5139  0.5255  
2024  0.2366  0.2299  0.2151  0.3056  0.3387  0.3333  0.3710  0.3548  0.2917  0.3091  0.2222  0.2258  
      0.2728  0.2687  0.2594  0.2278  0.1949  0.1944  0.1976  0.1962  0.2250  0.2285  0.2639  0.2661  
      0.4906  0.5014  0.5255  0.4666  0.4664  0.4723  0.4314  0.4490  0.4833  0.4624  0.5139  0.5081  
 SUBSISTEMA
 XXX
    ANO                       CARGA(P.U.DEMANDA MED.)
   XXXX X.XXXX X.XXXX X.XXXX X.XXXX X.XXXX X.XXXX X.XXXX X.XXXX X.XXXX X.XXXX X.XXXX X.XXXX
   1
   2020 1.1492 1.1557 1.1522 1.1612 1.1666 1.1612 1.1530 1.1632 1.1598 1.1531 1.1623 1.1494
        1.0664 1.0728 1.0827 1.0836 1.0613 1.0547 1.0459 1.0586 1.0861 1.0794 1.0849 1.0772
        0.8911 0.8980 0.8806 0.8733 0.8644 0.8522 0.8474 0.8570 0.8635 0.8768 0.8862 0.8850
   2021 1.1596 1.1538 1.1453 1.1612 1.1638 1.1607 1.1561 1.1600 1.1603 1.1608 1.1623 1.1447
        1.0743 1.0717 1.0781 1.0833 1.0563 1.0544 1.0515 1.0532 1.0865 1.0843 1.0849 1.0741
        0.8980 0.8938 0.8779 0.8734 0.8575 0.8527 0.8541 0.8503 0.8630 0.8790 0.8862 0.8806
   2022 1.1564 1.1480 1.1512 1.1654 1.1567 1.1607 1.1632 1.1529 1.1599 1.1604 1.1623 1.1452
        1.0721 1.0676 1.0820 1.0872 1.0498 1.0544 1.0583 1.0466 1.0864 1.0852 1.0849 1.0744
        0.8927 0.8899 0.8815 0.8785 0.8544 0.8527 0.8571 0.8472 0.8633 0.8788 0.8862 0.8886
   2023 1.1497 1.1538 1.1448 1.1735 1.1560 1.1603 1.1638 1.1521 1.1635 1.1570 1.1623 1.1574
        1.0673 1.0717 1.0775 1.0925 1.0496 1.0547 1.0585 1.0465 1.0899 1.0827 1.0849 1.0836
        0.8904 0.8938 0.8785 0.8811 0.8550 0.8529 0.8566 0.8479 0.8692 0.8731 0.8862 0.8943
   2024 1.1494 1.1519 1.1619 1.1481 1.1620 1.1676 1.1537 1.1551 1.1643 1.1464 1.1623 1.1554
        1.0668 1.0705 1.0884 1.0742 1.0559 1.0614 1.0462 1.0517 1.0890 1.0751 1.0849 1.0824
        0.8908 0.8926 0.8901 0.8668 0.8590 0.8564 0.8467 0.8548 0.8594 0.8650 0.8862 0.8878
   2
   2020 1.2202 1.2242 1.2246 1.2218 1.2148 1.2018 1.1904 1.2062 1.2070 1.2089 1.2344 1.2121
        1.0646 1.0685 1.0858 1.0884 1.0870 1.0858 1.0755 1.0868 1.1001 1.0968 1.1004 1.0808
        0.8579 0.8714 0.8440 0.8375 0.8220 0.8075 0.8017 0.8140 0.8285 0.8371 0.8471 0.8528
   2021 1.2377 1.2206 1.2139 1.2220 1.2092 1.2009 1.1964 1.2003 1.2074 1.2214 1.2344 1.2048
        1.0756 1.0670 1.0788 1.0886 1.0827 1.0853 1.0802 1.0819 1.1006 1.1038 1.1004 1.0767
        0.8654 0.8665 0.8416 0.8373 0.8135 0.8084 0.8097 0.8059 0.8280 0.8387 0.8471 0.8476
   2022 1.2322 1.2146 1.2230 1.2289 1.1979 1.2008 1.2075 1.1891 1.2070 1.2219 1.2344 1.2063
        1.0731 1.0635 1.0836 1.0927 1.0755 1.0855 1.0878 1.0742 1.1007 1.1052 1.1004 1.0765
        0.8585 0.8597 0.8460 0.8437 0.8106 0.8084 0.8126 0.8034 0.8282 0.8378 0.8471 0.8580
   2023 1.2213 1.2206 1.2134 1.2409 1.1972 1.2006 1.2088 1.1883 1.2135 1.2159 1.2344 1.2260
        1.0658 1.0670 1.0779 1.1001 1.0751 1.0854 1.0880 1.0740 1.1048 1.1022 1.1004 1.0896
        0.8567 0.8665 0.8424 0.8464 0.8113 0.8086 0.8116 0.8042 0.8348 0.8307 0.8471 0.8633
   2024 1.2207 1.2177 1.2402 1.2011 1.2060 1.2117 1.1917 1.1939 1.2133 1.1971 1.2344 1.2225
        1.0650 1.0651 1.0934 1.0765 1.0811 1.0922 1.0755 1.0788 1.1048 1.0913 1.1004 1.0878
        0.8574 0.8653 0.8556 0.8310 0.8165 0.8126 0.8006 0.8123 0.8225 0.8231 0.8471 0.8551
   3
   2020 1.1094 1.1097 1.0967 1.0992 1.0973 1.0867 1.0842 1.0948 1.0987 1.0995 1.1194 1.1033
        1.0395 1.0518 1.0611 1.0663 1.0483 1.0408 1.0378 1.0466 1.0619 1.0528 1.0488 1.0421
        0.9253 0.9279 0.9194 0.9154 0.9158 0.9156 0.9103 0.9117 0.9116 0.9194 0.9233 0.9268
   2021 1.1162 1.1089 1.0921 1.0990 1.0957 1.0863 1.0858 1.0931 1.0989 1.1040 1.1194 1.1007
        1.0465 1.0506 1.0573 1.0664 1.0448 1.0406 1.0414 1.0430 1.0621 1.0567 1.0488 1.0395
        0.9295 0.9249 0.9180 0.9155 0.9118 0.9160 0.9141 0.9076 0.9114 0.9208 0.9233 0.9240
   2022 1.1148 1.1033 1.0968 1.1012 1.0913 1.0862 1.0900 1.0885 1.0988 1.1042 1.1194 1.1001
        1.0441 1.0462 1.0612 1.0690 1.0404 1.0408 1.0458 1.0384 1.0620 1.0571 1.0488 1.0402
        0.9259 0.9237 0.9193 0.9190 0.9102 0.9160 0.9155 0.9063 0.9115 0.9205 0.9233 0.9294
   2023 1.1101 1.1089 1.0914 1.1062 1.0910 1.0859 1.0905 1.0881 1.1010 1.1021 1.1194 1.1080
        1.0398 1.0506 1.0569 1.0729 1.0402 1.0408 1.0459 1.0383 1.0645 1.0548 1.0488 1.0476
        0.9248 0.9249 0.9186 0.9206 0.9105 0.9162 0.9151 0.9067 0.9152 0.9170 0.9233 0.9323
   2024 1.1097 1.1079 1.1038 1.0900 1.0958 1.0909 1.0846 1.0898 1.1021 1.0958 1.1194 1.1077
        1.0396 1.0493 1.0667 1.0595 1.0446 1.0458 1.0379 1.0417 1.0638 1.0489 1.0488 1.0461
        0.9251 0.9241 0.9246 0.9120 0.9118 0.9170 0.9099 0.9108 0.9087 0.9118 0.9233 0.9280
   4
   2020 1.0469 1.0513 1.0518 1.0604 1.0649 1.0609 1.0449 1.0598 1.0556 1.0503 1.0521 1.0394
        1.0246 1.0361 1.0439 1.0464 1.0181 1.0104 1.0072 1.0100 1.0424 1.0328 1.0282 1.0234
        0.9637 0.9603 0.9506 0.9458 0.9495 0.9486 0.9581 0.9524 0.9467 0.9565 0.9630 0.9680
   2021 1.0514 1.0506 1.0483 1.0598 1.0637 1.0606 1.0465 1.0580 1.0560 1.0534 1.0521 1.0381
        1.0293 1.0353 1.0409 1.0463 1.0159 1.0102 1.0093 1.0077 1.0425 1.0350 1.0282 1.0211
        0.9645 0.9589 0.9506 0.9462 0.9471 0.9489 0.9592 0.9508 0.9464 0.9568 0.9630 0.9676
   2022 1.0505 1.0471 1.0511 1.0617 1.0601 1.0606 1.0495 1.0546 1.0556 1.0533 1.0521 1.0381
        1.0278 1.0323 1.0438 1.0475 1.0126 1.0102 1.0123 1.0045 1.0422 1.0353 1.0282 1.0218
        0.9630 0.9589 0.9510 0.9483 0.9470 0.9489 0.9589 0.9510 0.9468 0.9567 0.9630 0.9695
   2023 1.0473 1.0506 1.0477 1.0660 1.0597 1.0606 1.0499 1.0544 1.0577 1.0519 1.0521 1.0431
        1.0246 1.0353 1.0409 1.0504 1.0122 1.0102 1.0126 1.0044 1.0437 1.0348 1.0282 1.0271
        0.9635 0.9589 0.9509 0.9486 0.9475 0.9489 0.9585 0.9512 0.9485 0.9547 0.9630 0.9690
   2024 1.0469 1.0497 1.0562 1.0535 1.0635 1.0630 1.0453 1.0561 1.0580 1.0473 1.0521 1.0428
        1.0244 1.0346 1.0482 1.0419 1.0155 1.0137 1.0073 1.0068 1.0436 1.0309 1.0282 1.0261
        0.9638 0.9587 0.9532 0.9445 0.9474 0.9499 0.9577 0.9527 0.9447 0.9531 0.9630 0.9673
9999
 SUBSISTEMA
   A ->B
 XXX XXX
                             INTERCAMBIO(P.U.INTERC.MEDIO)
 X.XXXX X.XXXX X.XXXX X.XXXX X.XXXX X.XXXX X.XXXX X.XXXX X.XXXX X.XXXX X.XXXX X.XXXX
   1   2
   2020 1.0000 0.9665 0.9683 0.9677 0.9687 0.9706 0.9720 0.9698 0.9688 0.9681 0.9669 0.9683
        1.0000 0.9665 0.9683 0.9677 0.9687 0.9706 0.9720 0.9698 0.9688 0.9681 0.9669 0.9683
        1.0000 1.0309 1.0329 1.0323 1.0333 1.0353 1.0368 1.0345 1.0334 1.0326 1.0313 1.0329
   2021 0.9662 0.9673 0.9694 0.9677 0.9698 0.9706 0.9709 0.9709 0.9613 0.9592 0.9589 0.9621
        0.9662 0.9673 0.9694 0.9677 0.9698 0.9706 0.9709 0.9709 0.9613 0.9592 0.9589 0.9621
        1.0306 1.0318 1.0341 1.0323 1.0345 1.0353 1.0357 1.0357 1.0414 1.0391 1.0388 1.0422
   2022 0.9594 0.9609 0.9607 0.9493 0.9556 0.9551 0.9540 0.9573 0.9524 0.9498 0.9495 0.9517
        0.9594 0.9609 0.9607 0.9493 0.9556 0.9551 0.9540 0.9573 0.9524 0.9498 0.9495 0.9517
        1.0393 1.0410 1.0408 1.0475 1.0545 1.0539 1.0527 1.0563 1.0509 1.0481 1.0477 1.0502
   2023 0.9517 0.9501 0.9533 0.9477 0.9556 0.9551 0.9540 0.9573 0.9508 0.9513 0.9495 0.9484
        0.9517 0.9501 0.9533 0.9477 0.9556 0.9551 0.9540 0.9573 0.9508 0.9513 0.9495 0.9484
        1.0502 1.0484 1.0520 1.0458 1.0545 1.0539 1.0527 1.0563 1.0492 1.0497 1.0477 1.0466
   2024 0.9517 0.9507 0.9484 0.9540 0.9540 0.9534 0.9573 0.9556 0.9524 0.9543 0.9495 0.9501
        0.9517 0.9507 0.9484 0.9540 0.9540 0.9534 0.9573 0.9556 0.9524 0.9543 0.9495 0.9501
        1.0502 1.0490 1.0466 1.0526 1.0527 1.0520 1.0563 1.0545 1.0509 1.0531 1.0477 1.0483
   2   1
   2020 0.9310 0.9660 0.9779 0.9774 0.9782 0.9795 0.9805 0.9789 0.9782 0.9777 0.9768 0.9779
        0.8431 0.8749 0.9779 0.9774 0.9782 0.9795 0.9805 0.9789 0.9782 0.9777 0.9768 0.9779
        1.1205 1.0772 1.0230 1.0226 1.0233 1.0247 1.0257 1.0241 1.0233 1.0228 1.0219 1.0230
   2021 0.9763 0.9771 0.9786 0.9774 0.9789 0.9795 0.9797 0.9797 0.9843 0.9836 0.9831 0.9840
        0.9763 0.9771 0.9786 0.9774 0.9789 0.9795 0.9797 0.9797 0.9957 0.9950 0.9945 0.9954
        1.0214 1.0222 1.0238 1.0226 1.0241 1.0247 1.0249 1.0249 1.0115 1.0108 1.0102 1.0111
   2022 0.9832 0.9836 0.9836 0.9806 0.9831 0.9829 0.9824 0.9837 0.9818 0.9808 0.9807 0.9815
        0.9946 0.9951 0.9950 0.9806 0.9831 0.9829 0.9824 0.9837 0.9818 0.9808 0.9807 0.9815
        1.0103 1.0108 1.0107 1.0182 1.0208 1.0206 1.0201 1.0215 1.0195 1.0184 1.0183 1.0192
   2023 0.9815 0.9809 0.9822 0.9800 0.9831 0.9829 0.9824 0.9837 0.9812 0.9814 0.9807 0.9802
        0.9815 0.9809 0.9822 0.9800 0.9831 0.9829 0.9824 0.9837 0.9812 0.9814 0.9807 0.9802
        1.0192 1.0185 1.0198 1.0175 1.0208 1.0206 1.0201 1.0215 1.0188 1.0190 1.0183 1.0178
   2024 0.9815 0.9811 0.9802 0.9824 0.9824 0.9822 0.9837 0.9831 0.9818 0.9826 0.9807 0.9809
        0.9815 0.9811 0.9802 0.9824 0.9824 0.9822 0.9837 0.9831 0.9818 0.9826 0.9807 0.9809
        1.0192 1.0188 1.0178 1.0201 1.0201 1.0199 1.0215 1.0208 1.0195 1.0203 1.0183 1.0185
   1  11
   2020 1.0000 1.0000 1.0000 1.0000 1.0000 1.0000 1.0000 1.0000 1.0000 1.0000 1.0000 1.0000
        1.0000 1.0000 1.0000 1.0000 1.0000 1.0000 1.0000 1.0000 1.0000 1.0000 1.0000 1.0000
        1.0000 1.0000 1.0000 1.0000 1.0000 1.0000 1.0000 1.0000 1.0000 1.0000 1.0000 1.0000
   2021 1.0000 1.0000 1.0000 1.0000 1.0000 1.0000 1.0000 1.0000 1.0000 1.0000 1.0000 1.0000
        1.0000 1.0000 1.0000 1.0000 1.0000 1.0000 1.0000 1.0000 1.0000 1.0000 1.0000 1.0000
        1.0000 1.0000 1.0000 1.0000 1.0000 1.0000 1.0000 1.0000 1.0000 1.0000 1.0000 1.0000
   2022 1.0000 1.0000 1.0000 1.0000 1.0000 1.0000 1.0000 1.0000 1.0000 1.0000 1.0000 1.0000
        1.0000 1.0000 1.0000 1.0000 1.0000 1.0000 1.0000 1.0000 1.0000 1.0000 1.0000 1.0000
        1.0000 1.0000 1.0000 1.0000 1.0000 1.0000 1.0000 1.0000 1.0000 1.0000 1.0000 1.0000
   2023 1.0000 1.0000 1.0000 1.0000 1.0000 1.0000 1.0000 1.0000 1.0000 1.0000 1.0000 1.0000
        1.0000 1.0000 1.0000 1.0000 1.0000 1.0000 1.0000 1.0000 1.0000 1.0000 1.0000 1.0000
        1.0000 1.0000 1.0000 1.0000 1.0000 1.0000 1.0000 1.0000 1.0000 1.0000 1.0000 1.0000
   2024 1.0000 1.0000 1.0000 1.0000 1.0000 1.0000 1.0000 1.0000 1.0000 1.0000 1.0000 1.0000
        1.0000 1.0000 1.0000 1.0000 1.0000 1.0000 1.0000 1.0000 1.0000 1.0000 1.0000 1.0000
        1.0000 1.0000 1.0000 1.0000 1.0000 1.0000 1.0000 1.0000 1.0000 1.0000 1.0000 1.0000
  11   1
   2020 1.0243 1.0000 1.0000 1.0000 1.0000 1.0000 1.0000 1.0000 1.0000 1.0000 1.0000 1.0000
        1.0243 1.0000 1.0000 1.0000 1.0000 1.0000 1.0000 1.0000 1.0000 1.0000 1.0000 1.0000
        0.9748 1.0000 1.0000 1.0000 1.0000 1.0000 1.0000 1.0000 1.0000 1.0000 1.0000 1.0000
   2021 1.0000 1.0000 1.0000 1.0000 1.0000 1.0000 1.0000 1.0000 1.0000 1.0000 1.0000 1.0000
        1.0000 1.0000 1.0000 1.0000 1.0000 1.0000 1.0000 1.0000 1.0000 1.0000 1.0000 1.0000
        1.0000 1.0000 1.0000 1.0000 1.0000 1.0000 1.0000 1.0000 1.0000 1.0000 1.0000 1.0000
   2022 1.0000 1.0000 1.0000 1.0000 1.0000 1.0000 1.0000 1.0000 1.0000 1.0000 1.0000 1.0000
        1.0000 1.0000 1.0000 1.0000 1.0000 1.0000 1.0000 1.0000 1.0000 1.0000 1.0000 1.0000
        1.0000 1.0000 1.0000 1.0000 1.0000 1.0000 1.0000 1.0000 1.0000 1.0000 1.0000 1.0000
   2023 1.0000 1.0000 1.0000 1.0755 1.0580 1.0587 1.0604 1.0556 1.0650 1.0643 1.0726 1.0743
        1.0000 1.0000 1.0000 1.0755 1.0580 1.0587 1.0604 1.0556 1.0650 1.0643 1.0726 1.0743
        1.0000 1.0000 1.0000 0.9339 0.9288 0.9295 0.9309 0.9267 0.9350 0.9343 0.9314 0.9329
   2024 1.0691 1.0707 1.0743 1.0655 1.0604 1.0612 1.0556 1.0580 1.0627 1.0598 1.0726 1.0717
        1.0691 1.0707 1.0743 1.0655 1.0604 1.0612 1.0556 1.0580 1.0627 1.0598 1.0726 1.0717
        0.9283 0.9297 0.9329 0.9252 0.9309 0.9316 0.9267 0.9288 0.9330 0.9304 0.9314 0.9306
   3  11
   2020 1.0000 1.0000 1.0000 1.0000 1.0000 1.0000 1.0000 1.0000 1.0000 1.0000 1.0000 1.0000
        1.0000 1.0000 1.0000 1.0000 1.0000 1.0000 1.0000 1.0000 1.0000 1.0000 1.0000 1.0000
        1.0000 1.0000 1.0000 1.0000 1.0000 1.0000 1.0000 1.0000 1.0000 1.0000 1.0000 1.0000
   2021 1.0000 1.0000 1.0000 1.0000 1.0000 1.0000 1.0000 1.0000 1.0000 1.0000 1.0000 1.0000
        1.0000 1.0000 1.0000 1.0000 1.0000 1.0000 1.0000 1.0000 1.0000 1.0000 1.0000 1.0000
        1.0000 1.0000 1.0000 1.0000 1.0000 1.0000 1.0000 1.0000 1.0000 1.0000 1.0000 1.0000
   2022 1.0000 1.0000 1.0000 1.0000 1.0000 1.0000 1.0000 1.0000 1.0000 1.0000 1.0000 1.0000
        1.0000 1.0000 1.0000 1.0000 1.0000 1.0000 1.0000 1.0000 1.0000 1.0000 1.0000 1.0000
        1.0000 1.0000 1.0000 1.0000 1.0000 1.0000 1.0000 1.0000 1.0000 1.0000 1.0000 1.0000
   2023 1.0000 1.0000 1.0000 1.0000 1.0000 1.0000 1.0000 1.0000 1.0000 1.0000 1.0000 1.0000
        1.0000 1.0000 1.0000 1.0000 1.0000 1.0000 1.0000 1.0000 1.0000 1.0000 1.0000 1.0000
        1.0000 1.0000 1.0000 1.0000 1.0000 1.0000 1.0000 1.0000 1.0000 1.0000 1.0000 1.0000
   2024 1.0000 1.0000 1.0000 1.0000 1.0000 1.0000 1.0000 1.0000 1.0000 1.0000 1.0000 1.0000
        1.0000 1.0000 1.0000 1.0000 1.0000 1.0000 1.0000 1.0000 1.0000 1.0000 1.0000 1.0000
        1.0000 1.0000 1.0000 1.0000 1.0000 1.0000 1.0000 1.0000 1.0000 1.0000 1.0000 1.0000
  11   3
   2020 1.0000 1.0000 1.0000 1.0000 1.0000 1.0000 1.0000 1.0000 1.0000 1.0000 1.0000 1.0000
        1.0000 1.0000 1.0000 1.0000 1.0000 1.0000 1.0000 1.0000 1.0000 1.0000 1.0000 1.0000
        1.0000 1.0000 1.0000 1.0000 1.0000 1.0000 1.0000 1.0000 1.0000 1.0000 1.0000 1.0000
   2021 1.0000 1.0000 1.0000 1.0000 1.0000 1.0000 1.0000 1.0000 1.0000 1.0000 1.0000 1.0000
        1.0000 1.0000 1.0000 1.0000 1.0000 1.0000 1.0000 1.0000 1.0000 1.0000 1.0000 1.0000
        1.0000 1.0000 1.0000 1.0000 1.0000 1.0000 1.0000 1.0000 1.0000 1.0000 1.0000 1.0000
   2022 1.0000 1.0000 1.0000 1.0000 1.0000 1.0000 1.0000 1.0000 1.0000 1.0000 1.0000 1.0000
        1.0000 1.0000 1.0000 1.0000 1.0000 1.0000 1.0000 1.0000 1.0000 1.0000 1.0000 1.0000
        1.0000 1.0000 1.0000 1.0000 1.0000 1.0000 1.0000 1.0000 1.0000 1.0000 1.0000 1.0000
   2023 1.0000 1.0000 1.0000 1.0000 1.0000 1.0000 1.0000 1.0000 1.0000 1.0000 1.0000 1.0000
        1.0000 1.0000 1.0000 1.0000 1.0000 1.0000 1.0000 1.0000 1.0000 1.0000 1.0000 1.0000
        1.0000 1.0000 1.0000 1.0000 1.0000 1.0000 1.0000 1.0000 1.0000 1.0000 1.0000 1.0000
   2024 1.0000 1.0000 1.0000 1.0000 1.0000 1.0000 1.0000 1.0000 1.0000 1.0000 1.0000 1.0000
        1.0000 1.0000 1.0000 1.0000 1.0000 1.0000 1.0000 1.0000 1.0000 1.0000 1.0000 1.0000
        1.0000 1.0000 1.0000 1.0000 1.0000 1.0000 1.0000 1.0000 1.0000 1.0000 1.0000 1.0000
   4  11
   2020 1.0000 1.0000 1.0000 1.0000 1.0000 1.0000 1.0000 1.0000 1.0000 1.0000 1.0000 1.0000
        1.0000 1.0000 1.0000 1.0000 1.0000 1.0000 1.0000 1.0000 1.0000 1.0000 1.0000 1.0000
        1.0000 1.0000 1.0000 1.0000 1.0000 1.0000 1.0000 1.0000 1.0000 1.0000 1.0000 1.0000
   2021 1.0000 1.0000 1.0000 1.0000 1.0000 1.0000 1.0000 1.0000 1.0000 1.0000 1.0000 1.0000
        1.0000 1.0000 1.0000 1.0000 1.0000 1.0000 1.0000 1.0000 1.0000 1.0000 1.0000 1.0000
        1.0000 1.0000 1.0000 1.0000 1.0000 1.0000 1.0000 1.0000 1.0000 1.0000 1.0000 1.0000
   2022 1.0000 1.0000 1.0000 1.0000 1.0000 1.0000 1.0000 1.0000 1.0000 1.0000 1.0000 1.0000
        1.0000 1.0000 1.0000 1.0000 1.0000 1.0000 1.0000 1.0000 1.0000 1.0000 1.0000 1.0000
        1.0000 1.0000 1.0000 1.0000 1.0000 1.0000 1.0000 1.0000 1.0000 1.0000 1.0000 1.0000
   2023 1.0000 1.0000 1.0000 1.0000 1.0000 1.0000 1.0000 1.0000 1.0000 1.0000 1.0000 1.0000
        1.0000 1.0000 1.0000 1.0000 1.0000 1.0000 1.0000 1.0000 1.0000 1.0000 1.0000 1.0000
        1.0000 1.0000 1.0000 1.0000 1.0000 1.0000 1.0000 1.0000 1.0000 1.0000 1.0000 1.0000
   2024 1.0000 1.0000 1.0000 1.0000 1.0000 1.0000 1.0000 1.0000 1.0000 1.0000 1.0000 1.0000
        1.0000 1.0000 1.0000 1.0000 1.0000 1.0000 1.0000 1.0000 1.0000 1.0000 1.0000 1.0000
        1.0000 1.0000 1.0000 1.0000 1.0000 1.0000 1.0000 1.0000 1.0000 1.0000 1.0000 1.0000
  11   4
   2020 1.0594 1.0641 1.0644 1.0751 1.0808 1.0764 1.0562 1.0740 1.0687 1.0623 1.0647 1.0491
        1.0312 1.0451 1.0546 1.0577 1.0225 1.0130 1.0090 1.0124 1.0524 1.0406 1.0350 1.0292
        0.9540 0.9504 0.9386 0.9326 0.9371 0.9355 0.9475 0.9411 0.9342 0.9461 0.9541 0.9601
   2021 1.0639 1.0627 1.0596 1.0738 1.0787 1.0754 1.0578 1.0713 1.0687 1.0657 1.0642 1.0472
        1.0364 1.0438 1.0505 1.0571 1.0196 1.0127 1.0116 1.0095 1.0521 1.0430 1.0347 1.0261
        0.9559 0.9491 0.9390 0.9336 0.9347 0.9364 0.9493 0.9395 0.9343 0.9469 0.9544 0.9599
   2022 1.0622 1.0576 1.0628 1.0755 1.0736 1.0747 1.0610 1.0665 1.0676 1.0650 1.0636 1.0467
        1.0342 1.0395 1.0538 1.0581 1.0154 1.0126 1.0152 1.0055 1.0513 1.0431 1.0344 1.0267
        0.9544 0.9497 0.9398 0.9368 0.9351 0.9370 0.9494 0.9403 0.9353 0.9472 0.9548 0.9626
   2023 1.0578 1.0617 1.0579 1.0801 1.0726 1.0742 1.0610 1.0658 1.0697 1.0628 1.0632 1.0525
        1.0301 1.0430 1.0497 1.0612 1.0148 1.0125 1.0154 1.0053 1.0528 1.0421 1.0342 1.0330
        0.9554 0.9499 0.9404 0.9376 0.9362 0.9374 0.9493 0.9410 0.9378 0.9451 0.9551 0.9622
   2024 1.0569 1.0601 1.0677 1.0644 1.0766 1.0765 1.0549 1.0673 1.0695 1.0568 1.0627 1.0517
        1.0296 1.0418 1.0581 1.0505 1.0187 1.0166 1.0088 1.0082 1.0522 1.0371 1.0339 1.0315
        0.9561 0.9500 0.9436 0.9332 0.9366 0.9392 0.9487 0.9432 0.9337 0.9437 0.9555 0.9605
   1   3
   2020 1.0000 1.0000 1.0000 1.0000 1.0000 1.0000 1.0000 1.0000 1.0000 1.0000 1.0000 1.0000
        1.0000 1.0000 1.0000 1.0000 1.0000 1.0000 1.0000 1.0000 1.0000 1.0000 1.0000 1.0000
        1.0000 1.0000 1.0000 1.0000 1.0000 1.0000 1.0000 1.0000 1.0000 1.0000 1.0000 1.0000
   2021 1.0000 0.8603 0.8685 0.8621 0.8701 0.8731 0.8744 0.8744 0.8661 0.8595 0.8588 0.8685
        1.0000 0.8603 0.8685 0.8621 0.8701 0.8731 0.8744 0.8744 0.8661 0.8595 0.8588 0.8685
        1.0000 1.1356 1.1464 1.1379 1.1486 1.1525 1.1542 1.1542 1.1432 1.1346 1.1336 1.1464
   2022 0.9357 0.9381 0.9378 0.9347 0.9428 0.9422 0.9407 0.9449 0.9387 0.9354 0.9351 0.9378
        0.9357 0.9381 0.9378 0.9347 0.9428 0.9422 0.9407 0.9449 0.9387 0.9354 0.9351 0.9378
        1.0622 1.0649 1.0646 1.0610 1.0702 1.0695 1.0678 1.0726 1.0655 1.0618 1.0614 1.0646
   2023 0.9378 0.9358 0.9399 0.9328 0.9428 0.9422 0.9407 0.9449 0.9367 1.1411 1.1474 1.1512
        0.9378 0.9358 0.9399 0.9328 0.9428 0.9422 0.9407 0.9449 0.9367 1.1411 1.1474 1.1512
        1.0646 1.0623 1.0669 1.0588 1.0702 1.0695 1.0678 1.0726 1.0633 0.8558 0.8606 0.8634
   2024 1.1398 1.1433 1.1512 1.1321 1.1320 1.1339 1.1209 1.1264 1.1374 1.1307 1.1474 1.1455
        1.1398 1.1433 1.1512 1.1321 1.1320 1.1339 1.1209 1.1264 1.1374 1.1307 1.1474 1.1455
        0.8548 0.8575 0.8634 0.8490 0.8490 0.8504 0.8407 0.8448 0.8531 0.8480 0.8606 0.8591
   3   1
   2020 1.0000 1.0000 1.0000 1.0000 1.0000 1.0000 1.0000 1.0000 1.0000 1.0000 1.0000 1.0000
        1.0000 1.0000 1.0000 1.0000 1.0000 1.0000 1.0000 1.0000 1.0000 1.0000 1.0000 1.0000
        1.0000 1.0000 1.0000 1.0000 1.0000 1.0000 1.0000 1.0000 1.0000 1.0000 1.0000 1.0000
   2021 1.0000 1.0000 1.0000 1.0000 1.0000 1.0000 1.0000 1.0000 1.0000 1.0000 1.0000 1.0000
        1.0000 1.0000 1.0000 1.0000 1.0000 1.0000 1.0000 1.0000 1.0000 1.0000 1.0000 1.0000
        1.0000 1.0000 1.0000 1.0000 1.0000 1.0000 1.0000 1.0000 1.0000 1.0000 1.0000 1.0000
   2022 1.0000 1.0000 1.0000 1.0000 1.0000 1.0000 1.0000 1.0000 1.0000 1.0000 1.0000 1.0000
        1.0000 1.0000 1.0000 1.0000 1.0000 1.0000 1.0000 1.0000 1.0000 1.0000 1.0000 1.0000
        1.0000 1.0000 1.0000 1.0000 1.0000 1.0000 1.0000 1.0000 1.0000 1.0000 1.0000 1.0000
   2023 1.0000 1.0000 1.0000 1.0000 1.0000 1.0000 1.0000 1.0000 1.0000 1.0000 1.0000 1.0000
        1.0000 1.0000 1.0000 1.0000 1.0000 1.0000 1.0000 1.0000 1.0000 1.0000 1.0000 1.0000
        1.0000 1.0000 1.0000 1.0000 1.0000 1.0000 1.0000 1.0000 1.0000 1.0000 1.0000 1.0000
   2024 1.0000 1.0000 1.0000 1.0000 1.0000 1.0000 1.0000 1.0000 1.0000 1.0000 1.0000 1.0000
        1.0000 1.0000 1.0000 1.0000 1.0000 1.0000 1.0000 1.0000 1.0000 1.0000 1.0000 1.0000
        1.0000 1.0000 1.0000 1.0000 1.0000 1.0000 1.0000 1.0000 1.0000 1.0000 1.0000 1.0000
   1   4
   2020 1.0000 1.0000 1.0000 1.0000 1.0000 1.0000 1.0000 1.0000 1.0000 1.0000 1.0000 1.0000
        1.0000 1.0000 1.0000 1.0000 1.0000 1.0000 1.0000 1.0000 1.0000 1.0000 1.0000 1.0000
        1.0000 1.0000 1.0000 1.0000 1.0000 1.0000 1.0000 1.0000 1.0000 1.0000 1.0000 1.0000
   2021 1.0000 1.0000 1.0000 1.0000 1.0000 1.0000 1.0000 1.0000 1.0000 1.0000 1.0000 1.0000
        1.0000 1.0000 1.0000 1.0000 1.0000 1.0000 1.0000 1.0000 1.0000 1.0000 1.0000 1.0000
        1.0000 1.0000 1.0000 1.0000 1.0000 1.0000 1.0000 1.0000 1.0000 1.0000 1.0000 1.0000
   2022 1.0000 1.0000 1.0000 1.0000 1.0000 1.0000 1.0000 1.0000 1.0000 1.0000 1.0000 1.0000
        1.0000 1.0000 1.0000 1.0000 1.0000 1.0000 1.0000 1.0000 1.0000 1.0000 1.0000 1.0000
        1.0000 1.0000 1.0000 1.0000 1.0000 1.0000 1.0000 1.0000 1.0000 1.0000 1.0000 1.0000
   2023 1.0000 1.0000 1.0000 1.0261 1.0218 1.0221 1.0227 1.0210 1.0244 1.0241 1.0251 1.0257
        1.0000 1.0000 1.0000 1.0261 1.0218 1.0221 1.0227 1.0210 1.0244 1.0241 1.0251 1.0257
        1.0000 1.0000 1.0000 0.9772 0.9732 0.9734 0.9740 0.9724 0.9756 0.9754 0.9763 0.9768
   2024 1.0239 1.0245 1.0257 1.0227 1.0227 1.0230 1.0210 1.0218 1.0236 1.0225 1.0251 1.0248
        1.0239 1.0245 1.0257 1.0227 1.0227 1.0230 1.0210 1.0218 1.0236 1.0225 1.0251 1.0248
        0.9752 0.9757 0.9768 0.9740 0.9740 0.9743 0.9724 0.9732 0.9748 0.9738 0.9763 0.9760
   4   1
   2020 1.0000 1.0000 1.0000 1.0000 1.0000 1.0000 1.0000 1.0000 1.0000 1.0000 1.0000 1.0000
        1.0000 1.0000 1.0000 1.0000 1.0000 1.0000 1.0000 1.0000 1.0000 1.0000 1.0000 1.0000
        1.0000 1.0000 1.0000 1.0000 1.0000 1.0000 1.0000 1.0000 1.0000 1.0000 1.0000 1.0000
   2021 1.0000 1.0000 1.0000 1.0000 1.0000 1.0000 1.0000 1.0000 1.0000 1.0000 1.0000 1.0000
        1.0000 1.0000 1.0000 1.0000 1.0000 1.0000 1.0000 1.0000 1.0000 1.0000 1.0000 1.0000
        1.0000 1.0000 1.0000 1.0000 1.0000 1.0000 1.0000 1.0000 1.0000 1.0000 1.0000 1.0000
   2022 1.0000 1.0000 1.0000 1.0000 1.0000 1.0000 1.0000 1.0000 1.0000 1.0000 1.0000 1.0000
        1.0000 1.0000 1.0000 1.0000 1.0000 1.0000 1.0000 1.0000 1.0000 1.0000 1.0000 1.0000
        1.0000 1.0000 1.0000 1.0000 1.0000 1.0000 1.0000 1.0000 1.0000 1.0000 1.0000 1.0000
   2023 1.0000 1.0000 1.0000 1.0000 1.0000 1.0000 1.0000 1.0000 1.0000 1.0000 1.0000 1.0000
        1.0000 1.0000 1.0000 1.0000 1.0000 1.0000 1.0000 1.0000 1.0000 1.0000 1.0000 1.0000
        1.0000 1.0000 1.0000 1.0000 1.0000 1.0000 1.0000 1.0000 1.0000 1.0000 1.0000 1.0000
   2024 1.0000 1.0000 1.0000 1.0000 1.0000 1.0000 1.0000 1.0000 1.0000 1.0000 1.0000 1.0000
        1.0000 1.0000 1.0000 1.0000 1.0000 1.0000 1.0000 1.0000 1.0000 1.0000 1.0000 1.0000
        1.0000 1.0000 1.0000 1.0000 1.0000 1.0000 1.0000 1.0000 1.0000 1.0000 1.0000 1.0000
