    POSTO; CENARIO;     2/2020;     3/2020;     4/2020;     5/2020;     6/2020;     7/2020;     8/2020;     9/2020;    10/2020;    11/2020;    12/2020;     1/2021
     275;        1; 21790.8421; 23410.4721; 22189.4096;     0.0000;     0.0000;     0.0000;     0.0000;     0.0000;     0.0000;     0.0000;     0.0000;     0.0000
     275;        2; 16646.1019; 19586.6261; 19639.9397;     0.0000;     0.0000;     0.0000;     0.0000;     0.0000;     0.0000;     0.0000;     0.0000;     0.0000
     275;        3; 11420.2520; 15665.3627; 17003.5233;     0.0000;     0.0000;     0.0000;     0.0000;     0.0000;     0.0000;     0.0000;     0.0000;     0.0000
     275;        4;  8861.7589; 13724.1615; 15687.0865;     0.0000;     0.0000;     0.0000;     0.0000;     0.0000;     0.0000;     0.0000;     0.0000;     0.0000
     275;        5; 21205.3904; 22976.6314; 21900.9925;     0.0000;     0.0000;     0.0000;     0.0000;     0.0000;     0.0000;     0.0000;     0.0000;     0.0000
     275;        6;  9205.2114; 13985.8120; 15865.0494;     0.0000;     0.0000;     0.0000;     0.0000;     0.0000;     0.0000;     0.0000;     0.0000;     0.0000
     275;        7; 11476.0616; 15707.5197; 17032.0184;     0.0000;     0.0000;     0.0000;     0.0000;     0.0000;     0.0000;     0.0000;     0.0000;     0.0000
     275;        8; 16539.2380; 19506.8815; 19586.5742;     0.0000;     0.0000;     0.0000;     0.0000;     0.0000;     0.0000;     0.0000;     0.0000;     0.0000
     156;        1;  2433.7297;  1485.7353;   996.2842;     0.0000;     0.0000;     0.0000;     0.0000;     0.0000;     0.0000;     0.0000;     0.0000;     0.0000
     156;        2;   767.6831;   784.8313;   485.2502;     0.0000;     0.0000;     0.0000;     0.0000;     0.0000;     0.0000;     0.0000;     0.0000;     0.0000
     156;        3;   868.5842;   828.1453;   517.2900;     0.0000;     0.0000;     0.0000;     0.0000;     0.0000;     0.0000;     0.0000;     0.0000;     0.0000
     156;        4;   308.3810;   586.1911;   337.2781;     0.0000;     0.0000;     0.0000;     0.0000;     0.0000;     0.0000;     0.0000;     0.0000;     0.0000
     156;        5;   866.4016;   827.2097;   516.5989;     0.0000;     0.0000;     0.0000;     0.0000;     0.0000;     0.0000;     0.0000;     0.0000;     0.0000
     156;        6;   767.8013;   784.8822;   485.2879;     0.0000;     0.0000;     0.0000;     0.0000;     0.0000;     0.0000;     0.0000;     0.0000;     0.0000
     156;        7;  1486.7868;  1090.7791;   709.9289;     0.0000;     0.0000;     0.0000;     0.0000;     0.0000;     0.0000;     0.0000;     0.0000;     0.0000
     156;        8;   471.8243;   657.1158;   390.2750;     0.0000;     0.0000;     0.0000;     0.0000;     0.0000;     0.0000;     0.0000;     0.0000;     0.0000
     217;        1;   168.7905;   231.6737;   177.4225;     0.0000;     0.0000;     0.0000;     0.0000;     0.0000;     0.0000;     0.0000;     0.0000;     0.0000
     217;        2;   612.9958;   432.9493;   377.5388;     0.0000;     0.0000;     0.0000;     0.0000;     0.0000;     0.0000;     0.0000;     0.0000;     0.0000
     217;        3;   243.8190;   265.4411;   209.2648;     0.0000;     0.0000;     0.0000;     0.0000;     0.0000;     0.0000;     0.0000;     0.0000;     0.0000
     217;        4;   882.3924;   553.6649;   502.6131;     0.0000;     0.0000;     0.0000;     0.0000;     0.0000;     0.0000;     0.0000;     0.0000;     0.0000
     217;        5;   678.7810;   462.5913;   408.1509;     0.0000;     0.0000;     0.0000;     0.0000;     0.0000;     0.0000;     0.0000;     0.0000;     0.0000
     217;        6;   200.2666;   245.7943;   190.5988;     0.0000;     0.0000;     0.0000;     0.0000;     0.0000;     0.0000;     0.0000;     0.0000;     0.0000
     217;        7;   762.5241;   500.1719;   447.0827;     0.0000;     0.0000;     0.0000;     0.0000;     0.0000;     0.0000;     0.0000;     0.0000;     0.0000
     217;        8;   183.6131;   238.3136;   183.5914;     0.0000;     0.0000;     0.0000;     0.0000;     0.0000;     0.0000;     0.0000;     0.0000;     0.0000
       6;        1;  2237.1563;  1722.1162;  1175.5871;     0.0000;     0.0000;     0.0000;     0.0000;     0.0000;     0.0000;     0.0000;     0.0000;     0.0000
       6;        2;  1734.7612;  1434.7996;   982.6455;     0.0000;     0.0000;     0.0000;     0.0000;     0.0000;     0.0000;     0.0000;     0.0000;     0.0000
       6;        3;   830.9414;   907.4950;   626.4027;     0.0000;     0.0000;     0.0000;     0.0000;     0.0000;     0.0000;     0.0000;     0.0000;     0.0000
       6;        4;   689.8083;   823.5601;   569.0784;     0.0000;     0.0000;     0.0000;     0.0000;     0.0000;     0.0000;     0.0000;     0.0000;     0.0000
       6;        5;   914.2070;   956.8015;   659.9565;     0.0000;     0.0000;     0.0000;     0.0000;     0.0000;     0.0000;     0.0000;     0.0000;     0.0000
       6;        6;  1577.0227;  1343.8847;   921.4961;     0.0000;     0.0000;     0.0000;     0.0000;     0.0000;     0.0000;     0.0000;     0.0000;     0.0000
       6;        7;  1626.1141;  1372.2212;   940.5622;     0.0000;     0.0000;     0.0000;     0.0000;     0.0000;     0.0000;     0.0000;     0.0000;     0.0000
       6;        8;   903.0351;   950.1954;   655.4654;     0.0000;     0.0000;     0.0000;     0.0000;     0.0000;     0.0000;     0.0000;     0.0000;     0.0000
