    POSTO; CENARIO;     2/2020;     3/2020;     4/2020;     5/2020;     6/2020;     7/2020;     8/2020;     9/2020;    10/2020;    11/2020;    12/2020;     1/2021
       6;        1;  1756.8802;  1447.4330;   992.6958;     0.0000;     0.0000;     0.0000;     0.0000;     0.0000;     0.0000;     0.0000;     0.0000;     0.0000
       6;        2;  1317.8970;  1193.5357;   821.7240;     0.0000;     0.0000;     0.0000;     0.0000;     0.0000;     0.0000;     0.0000;     0.0000;     0.0000
       6;        3;   808.3512;   894.0141;   618.6656;     0.0000;     0.0000;     0.0000;     0.0000;     0.0000;     0.0000;     0.0000;     0.0000;     0.0000
       6;        4;  1097.2471;  1064.5447;   734.5353;     0.0000;     0.0000;     0.0000;     0.0000;     0.0000;     0.0000;     0.0000;     0.0000;     0.0000
       6;        5;  2036.7332;  1607.7733;  1100.4156;     0.0000;     0.0000;     0.0000;     0.0000;     0.0000;     0.0000;     0.0000;     0.0000;     0.0000
       6;        6;   642.2517;   795.1079;   550.9865;     0.0000;     0.0000;     0.0000;     0.0000;     0.0000;     0.0000;     0.0000;     0.0000;     0.0000
       6;        7;  1307.6065;  1187.5423;   817.6792;     0.0000;     0.0000;     0.0000;     0.0000;     0.0000;     0.0000;     0.0000;     0.0000;     0.0000
       6;        8;   978.3405;   994.5899;   687.1049;     0.0000;     0.0000;     0.0000;     0.0000;     0.0000;     0.0000;     0.0000;     0.0000;     0.0000
       6;        9;   975.7783;   993.0790;   686.0790;     0.0000;     0.0000;     0.0000;     0.0000;     0.0000;     0.0000;     0.0000;     0.0000;     0.0000
       6;       10;  1652.3858;  1387.2855;   952.2472;     0.0000;     0.0000;     0.0000;     0.0000;     0.0000;     0.0000;     0.0000;     0.0000;     0.0000
       6;       11;  2162.4464;  1679.4897;  1148.5584;     0.0000;     0.0000;     0.0000;     0.0000;     0.0000;     0.0000;     0.0000;     0.0000;     0.0000
       6;       12;  1448.2204;  1269.2615;   872.7878;     0.0000;     0.0000;     0.0000;     0.0000;     0.0000;     0.0000;     0.0000;     0.0000;     0.0000
       6;       13;  1355.9916;  1215.7044;   836.6808;     0.0000;     0.0000;     0.0000;     0.0000;     0.0000;     0.0000;     0.0000;     0.0000;     0.0000
       6;       14;  1110.8972;  1072.5548;   739.9589;     0.0000;     0.0000;     0.0000;     0.0000;     0.0000;     0.0000;     0.0000;     0.0000;     0.0000
       6;       15;  1541.1196;  1323.0520;   909.0189;     0.0000;     0.0000;     0.0000;     0.0000;     0.0000;     0.0000;     0.0000;     0.0000;     0.0000
       6;       16;  1016.0374;  1016.8026;   702.1788;     0.0000;     0.0000;     0.0000;     0.0000;     0.0000;     0.0000;     0.0000;     0.0000;     0.0000
       6;       17;  1388.6341;  1234.6781;   849.4766;     0.0000;     0.0000;     0.0000;     0.0000;     0.0000;     0.0000;     0.0000;     0.0000;     0.0000
       6;       18;  1267.3534;  1164.0778;   801.8381;     0.0000;     0.0000;     0.0000;     0.0000;     0.0000;     0.0000;     0.0000;     0.0000;     0.0000
       6;       19;   973.2707;   991.6001;   685.0749;     0.0000;     0.0000;     0.0000;     0.0000;     0.0000;     0.0000;     0.0000;     0.0000;     0.0000
       6;       20;  2329.2987;  1774.4182;  1212.2573;     0.0000;     0.0000;     0.0000;     0.0000;     0.0000;     0.0000;     0.0000;     0.0000;     0.0000
       6;       21;  1179.0453;  1112.4841;   766.9747;     0.0000;     0.0000;     0.0000;     0.0000;     0.0000;     0.0000;     0.0000;     0.0000;     0.0000
       6;       22;  2121.8312;  1656.3388;  1133.0194;     0.0000;     0.0000;     0.0000;     0.0000;     0.0000;     0.0000;     0.0000;     0.0000;     0.0000
       6;       23;   594.9606;   766.8456;   531.5622;     0.0000;     0.0000;     0.0000;     0.0000;     0.0000;     0.0000;     0.0000;     0.0000;     0.0000
       6;       24;   736.4569;   851.2768;   589.4740;     0.0000;     0.0000;     0.0000;     0.0000;     0.0000;     0.0000;     0.0000;     0.0000;     0.0000
       6;       25;   631.0245;   788.4020;   546.3813;     0.0000;     0.0000;     0.0000;     0.0000;     0.0000;     0.0000;     0.0000;     0.0000;     0.0000
       6;       26;   721.1845;   842.1834;   583.2529;     0.0000;     0.0000;     0.0000;     0.0000;     0.0000;     0.0000;     0.0000;     0.0000;     0.0000
       6;       27;  2752.9052;  2014.3172;  1373.1430;     0.0000;     0.0000;     0.0000;     0.0000;     0.0000;     0.0000;     0.0000;     0.0000;     0.0000
      17;        1;  3452.0698;  2941.0867;  2110.6886;     0.0000;     0.0000;     0.0000;     0.0000;     0.0000;     0.0000;     0.0000;     0.0000;     0.0000
      17;        2;  2508.7278;  2413.2095;  1717.0547;     0.0000;     0.0000;     0.0000;     0.0000;     0.0000;     0.0000;     0.0000;     0.0000;     0.0000
      17;        3;  1704.1147;  1951.7834;  1381.7439;     0.0000;     0.0000;     0.0000;     0.0000;     0.0000;     0.0000;     0.0000;     0.0000;     0.0000
      17;        4;  2004.1693;  2128.4639;  1502.6502;     0.0000;     0.0000;     0.0000;     0.0000;     0.0000;     0.0000;     0.0000;     0.0000;     0.0000
      17;        5;  3355.6966;  2897.3417;  2052.6598;     0.0000;     0.0000;     0.0000;     0.0000;     0.0000;     0.0000;     0.0000;     0.0000;     0.0000
      17;        6;  1300.5198;  1721.3963;  1206.0745;     0.0000;     0.0000;     0.0000;     0.0000;     0.0000;     0.0000;     0.0000;     0.0000;     0.0000
      17;        7;  2689.5821;  2511.4038;  1797.8159;     0.0000;     0.0000;     0.0000;     0.0000;     0.0000;     0.0000;     0.0000;     0.0000;     0.0000
      17;        8;  1636.9634;  1921.0756;  1342.3554;     0.0000;     0.0000;     0.0000;     0.0000;     0.0000;     0.0000;     0.0000;     0.0000;     0.0000
      17;        9;  1847.8577;  2037.7874;  1438.4572;     0.0000;     0.0000;     0.0000;     0.0000;     0.0000;     0.0000;     0.0000;     0.0000;     0.0000
      17;       10;  4014.9387;  3239.9165;  2360.7986;     0.0000;     0.0000;     0.0000;     0.0000;     0.0000;     0.0000;     0.0000;     0.0000;     0.0000
      17;       11;  4784.6173;  3671.0330;  2669.3414;     0.0000;     0.0000;     0.0000;     0.0000;     0.0000;     0.0000;     0.0000;     0.0000;     0.0000
      17;       12;  2371.9192;  2342.4226;  1648.4691;     0.0000;     0.0000;     0.0000;     0.0000;     0.0000;     0.0000;     0.0000;     0.0000;     0.0000
      17;       13;  2563.4677;  2444.4709;  1739.4206;     0.0000;     0.0000;     0.0000;     0.0000;     0.0000;     0.0000;     0.0000;     0.0000;     0.0000
      17;       14;  2471.0896;  2384.5669;  1710.4600;     0.0000;     0.0000;     0.0000;     0.0000;     0.0000;     0.0000;     0.0000;     0.0000;     0.0000
      17;       15;  3121.4175;  2754.5430;  1976.5835;     0.0000;     0.0000;     0.0000;     0.0000;     0.0000;     0.0000;     0.0000;     0.0000;     0.0000
      17;       16;  2486.3798;  2388.6752;  1721.3350;     0.0000;     0.0000;     0.0000;     0.0000;     0.0000;     0.0000;     0.0000;     0.0000;     0.0000
      17;       17;  3376.8826;  2886.3631;  2095.4977;     0.0000;     0.0000;     0.0000;     0.0000;     0.0000;     0.0000;     0.0000;     0.0000;     0.0000
      17;       18;  2195.9484;  2239.9352;  1579.7264;     0.0000;     0.0000;     0.0000;     0.0000;     0.0000;     0.0000;     0.0000;     0.0000;     0.0000
      17;       19;  1578.5552;  1888.3898;  1315.8396;     0.0000;     0.0000;     0.0000;     0.0000;     0.0000;     0.0000;     0.0000;     0.0000;     0.0000
      17;       20;  4492.1992;  3519.9756;  2534.2356;     0.0000;     0.0000;     0.0000;     0.0000;     0.0000;     0.0000;     0.0000;     0.0000;     0.0000
      17;       21;  2334.3647;  2312.7461;  1646.4819;     0.0000;     0.0000;     0.0000;     0.0000;     0.0000;     0.0000;     0.0000;     0.0000;     0.0000
      17;       22;  3645.3765;  3057.0746;  2175.6174;     0.0000;     0.0000;     0.0000;     0.0000;     0.0000;     0.0000;     0.0000;     0.0000;     0.0000
      17;       23;  1144.6974;  1632.6387;  1136.7246;     0.0000;     0.0000;     0.0000;     0.0000;     0.0000;     0.0000;     0.0000;     0.0000;     0.0000
      17;       24;  1632.6742;  1909.2962;  1352.7572;     0.0000;     0.0000;     0.0000;     0.0000;     0.0000;     0.0000;     0.0000;     0.0000;     0.0000
      17;       25;  1157.6904;  1641.2992;  1140.8783;     0.0000;     0.0000;     0.0000;     0.0000;     0.0000;     0.0000;     0.0000;     0.0000;     0.0000
      17;       26;  1740.2616;  1967.7910;  1401.8265;     0.0000;     0.0000;     0.0000;     0.0000;     0.0000;     0.0000;     0.0000;     0.0000;     0.0000
      17;       27;  5340.9576;  3987.6235;  2879.1964;     0.0000;     0.0000;     0.0000;     0.0000;     0.0000;     0.0000;     0.0000;     0.0000;     0.0000
     156;        1;   731.8194;   769.5020;   473.8773;     0.0000;     0.0000;     0.0000;     0.0000;     0.0000;     0.0000;     0.0000;     0.0000;     0.0000
     156;        2;  1246.3672;   989.2811;   635.7617;     0.0000;     0.0000;     0.0000;     0.0000;     0.0000;     0.0000;     0.0000;     0.0000;     0.0000
     156;        3;   336.2254;   598.3756;   346.3762;     0.0000;     0.0000;     0.0000;     0.0000;     0.0000;     0.0000;     0.0000;     0.0000;     0.0000
     156;        4;   780.4292;   790.4076;   489.3673;     0.0000;     0.0000;     0.0000;     0.0000;     0.0000;     0.0000;     0.0000;     0.0000;     0.0000
     156;        5;  1292.8148;  1008.9608;   650.1648;     0.0000;     0.0000;     0.0000;     0.0000;     0.0000;     0.0000;     0.0000;     0.0000;     0.0000
     156;        6;   495.6338;   667.5222;   398.0271;     0.0000;     0.0000;     0.0000;     0.0000;     0.0000;     0.0000;     0.0000;     0.0000;     0.0000
     156;        7;   865.2250;   826.8042;   516.2865;     0.0000;     0.0000;     0.0000;     0.0000;     0.0000;     0.0000;     0.0000;     0.0000;     0.0000
     156;        8;   455.4207;   650.0989;   385.0248;     0.0000;     0.0000;     0.0000;     0.0000;     0.0000;     0.0000;     0.0000;     0.0000;     0.0000
     156;        9;  1407.2414;  1057.3383;   685.5184;     0.0000;     0.0000;     0.0000;     0.0000;     0.0000;     0.0000;     0.0000;     0.0000;     0.0000
     156;       10;   693.5431;   753.0197;   461.6502;     0.0000;     0.0000;     0.0000;     0.0000;     0.0000;     0.0000;     0.0000;     0.0000;     0.0000
     156;       11;  2207.9745;  1392.3165;   928.7672;     0.0000;     0.0000;     0.0000;     0.0000;     0.0000;     0.0000;     0.0000;     0.0000;     0.0000
     156;       12;  1699.3981;  1180.2290;   775.0302;     0.0000;     0.0000;     0.0000;     0.0000;     0.0000;     0.0000;     0.0000;     0.0000;     0.0000
     156;       13;   997.3272;   883.3233;   557.9697;     0.0000;     0.0000;     0.0000;     0.0000;     0.0000;     0.0000;     0.0000;     0.0000;     0.0000
     156;       14;   536.5415;   685.2301;   411.2302;     0.0000;     0.0000;     0.0000;     0.0000;     0.0000;     0.0000;     0.0000;     0.0000;     0.0000
     156;       15;  2035.4346;  1320.5956;   876.8637;     0.0000;     0.0000;     0.0000;     0.0000;     0.0000;     0.0000;     0.0000;     0.0000;     0.0000
     156;       16;   895.3536;   839.7141;   525.8201;     0.0000;     0.0000;     0.0000;     0.0000;     0.0000;     0.0000;     0.0000;     0.0000;     0.0000
     156;       17;   943.4231;   860.2876;   540.9976;     0.0000;     0.0000;     0.0000;     0.0000;     0.0000;     0.0000;     0.0000;     0.0000;     0.0000
     156;       18;   669.2445;   742.5471;   453.8747;     0.0000;     0.0000;     0.0000;     0.0000;     0.0000;     0.0000;     0.0000;     0.0000;     0.0000
     156;       19;   903.8652;   843.3592;   528.5105;     0.0000;     0.0000;     0.0000;     0.0000;     0.0000;     0.0000;     0.0000;     0.0000;     0.0000
     156;       20;  1331.1636;  1025.1903;   662.0333;     0.0000;     0.0000;     0.0000;     0.0000;     0.0000;     0.0000;     0.0000;     0.0000;     0.0000
     156;       21;   396.7455;   624.6508;   366.0169;     0.0000;     0.0000;     0.0000;     0.0000;     0.0000;     0.0000;     0.0000;     0.0000;     0.0000
     156;       22;  2633.8839;  1568.5036;  1055.9960;     0.0000;     0.0000;     0.0000;     0.0000;     0.0000;     0.0000;     0.0000;     0.0000;     0.0000
     156;       23;   268.4548;   568.9293;   324.3595;     0.0000;     0.0000;     0.0000;     0.0000;     0.0000;     0.0000;     0.0000;     0.0000;     0.0000
     156;       24;   591.5562;   709.0164;   428.9452;     0.0000;     0.0000;     0.0000;     0.0000;     0.0000;     0.0000;     0.0000;     0.0000;     0.0000
     156;       25;   501.8832;   670.2285;   400.0457;     0.0000;     0.0000;     0.0000;     0.0000;     0.0000;     0.0000;     0.0000;     0.0000;     0.0000
     156;       26;   327.9747;   594.7918;   343.6966;     0.0000;     0.0000;     0.0000;     0.0000;     0.0000;     0.0000;     0.0000;     0.0000;     0.0000
     156;       27;  2307.0943;  1433.4225;   958.4828;     0.0000;     0.0000;     0.0000;     0.0000;     0.0000;     0.0000;     0.0000;     0.0000;     0.0000
     275;        1;  9073.2555; 13885.6658; 15746.4798;     0.0000;     0.0000;     0.0000;     0.0000;     0.0000;     0.0000;     0.0000;     0.0000;     0.0000
     275;        2; 25918.8988; 26462.7477; 24160.3786;     0.0000;     0.0000;     0.0000;     0.0000;     0.0000;     0.0000;     0.0000;     0.0000;     0.0000
     275;        3;  7371.1652; 12584.4940; 14859.9745;     0.0000;     0.0000;     0.0000;     0.0000;     0.0000;     0.0000;     0.0000;     0.0000;     0.0000
     275;        4; 12852.6802; 16745.5456; 17681.0085;     0.0000;     0.0000;     0.0000;     0.0000;     0.0000;     0.0000;     0.0000;     0.0000;     0.0000
     275;        5; 13039.8670; 16886.3405; 17775.8184;     0.0000;     0.0000;     0.0000;     0.0000;     0.0000;     0.0000;     0.0000;     0.0000;     0.0000
     275;        6; 17313.9440; 20085.0038; 19920.9328;     0.0000;     0.0000;     0.0000;     0.0000;     0.0000;     0.0000;     0.0000;     0.0000;     0.0000
     275;        7; 14461.3130; 17953.3666; 18493.2035;     0.0000;     0.0000;     0.0000;     0.0000;     0.0000;     0.0000;     0.0000;     0.0000;     0.0000
     275;        8;  8847.8630; 13713.9055; 15629.7075;     0.0000;     0.0000;     0.0000;     0.0000;     0.0000;     0.0000;     0.0000;     0.0000;     0.0000
     275;        9; 18129.2660; 20692.2599; 20326.4934;     0.0000;     0.0000;     0.0000;     0.0000;     0.0000;     0.0000;     0.0000;     0.0000;     0.0000
     275;       10; 13603.3604; 17309.7723; 18060.7376;     0.0000;     0.0000;     0.0000;     0.0000;     0.0000;     0.0000;     0.0000;     0.0000;     0.0000
     275;       11; 23351.3134; 24565.8798; 22903.5875;     0.0000;     0.0000;     0.0000;     0.0000;     0.0000;     0.0000;     0.0000;     0.0000;     0.0000
     275;       12; 11571.6733; 15780.0705; 17029.8505;     0.0000;     0.0000;     0.0000;     0.0000;     0.0000;     0.0000;     0.0000;     0.0000;     0.0000
     275;       13;  8147.0795; 13178.8458; 15265.4653;     0.0000;     0.0000;     0.0000;     0.0000;     0.0000;     0.0000;     0.0000;     0.0000;     0.0000
     275;       14; 21203.0999; 22975.2914; 21847.2793;     0.0000;     0.0000;     0.0000;     0.0000;     0.0000;     0.0000;     0.0000;     0.0000;     0.0000
     275;       15; 14131.4375; 17706.0619; 18327.1089;     0.0000;     0.0000;     0.0000;     0.0000;     0.0000;     0.0000;     0.0000;     0.0000;     0.0000
     275;       16; 19200.0607; 21488.6471; 20857.6662;     0.0000;     0.0000;     0.0000;     0.0000;     0.0000;     0.0000;     0.0000;     0.0000;     0.0000
     275;       17; 10395.7370; 14890.4774; 16428.1924;     0.0000;     0.0000;     0.0000;     0.0000;     0.0000;     0.0000;     0.0000;     0.0000;     0.0000
     275;       18; 19368.7521; 21613.9978; 20941.2033;     0.0000;     0.0000;     0.0000;     0.0000;     0.0000;     0.0000;     0.0000;     0.0000;     0.0000
     275;       19; 17173.7267; 19980.4879; 19851.0822;     0.0000;     0.0000;     0.0000;     0.0000;     0.0000;     0.0000;     0.0000;     0.0000;     0.0000
     275;       20; 20456.5180; 22421.6188; 21478.9973;     0.0000;     0.0000;     0.0000;     0.0000;     0.0000;     0.0000;     0.0000;     0.0000;     0.0000
     275;       21; 11814.9012; 15963.6614; 17153.8129;     0.0000;     0.0000;     0.0000;     0.0000;     0.0000;     0.0000;     0.0000;     0.0000;     0.0000
     275;       22; 21812.7777; 23427.0800; 22147.5591;     0.0000;     0.0000;     0.0000;     0.0000;     0.0000;     0.0000;     0.0000;     0.0000;     0.0000
     275;       23; 11683.2784; 15864.3278; 17086.7503;     0.0000;     0.0000;     0.0000;     0.0000;     0.0000;     0.0000;     0.0000;     0.0000;     0.0000
     275;       24; 10211.1803; 14750.5437; 16333.3946;     0.0000;     0.0000;     0.0000;     0.0000;     0.0000;     0.0000;     0.0000;     0.0000;     0.0000
     275;       25;  9280.9896; 14043.8329; 15853.9465;     0.0000;     0.0000;     0.0000;     0.0000;     0.0000;     0.0000;     0.0000;     0.0000;     0.0000
     275;       26; 11755.0169; 15918.4725; 17123.3072;     0.0000;     0.0000;     0.0000;     0.0000;     0.0000;     0.0000;     0.0000;     0.0000;     0.0000
     275;       27; 14051.8697; 17646.3827; 18287.0119;     0.0000;     0.0000;     0.0000;     0.0000;     0.0000;     0.0000;     0.0000;     0.0000;     0.0000
