    POSTO; CENARIO;     2/2020;     3/2020;     4/2020;     5/2020;     6/2020;     7/2020;     8/2020;     9/2020;    10/2020;    11/2020;    12/2020;     1/2021
     156;        1;   811.9506;   803.9143;   498.9325;     0.0000;     0.0000;     0.0000;     0.0000;     0.0000;     0.0000;     0.0000;     0.0000;     0.0000
     156;        2;   781.1241;   790.6726;   489.1342;     0.0000;     0.0000;     0.0000;     0.0000;     0.0000;     0.0000;     0.0000;     0.0000;     0.0000
     156;        3;   380.1578;   617.4204;   360.2275;     0.0000;     0.0000;     0.0000;     0.0000;     0.0000;     0.0000;     0.0000;     0.0000;     0.0000
     156;        4;   783.0005;   791.4790;   489.7311;     0.0000;     0.0000;     0.0000;     0.0000;     0.0000;     0.0000;     0.0000;     0.0000;     0.0000
     156;        5;  1572.0138;  1126.7164;   735.6321;     0.0000;     0.0000;     0.0000;     0.0000;     0.0000;     0.0000;     0.0000;     0.0000;     0.0000
     156;        6;   440.4927;   643.5956;   379.7748;     0.0000;     0.0000;     0.0000;     0.0000;     0.0000;     0.0000;     0.0000;     0.0000;     0.0000
     156;        7;  2411.9231;  1476.7875;   989.3250;     0.0000;     0.0000;     0.0000;     0.0000;     0.0000;     0.0000;     0.0000;     0.0000;     0.0000
     156;        8;   769.3817;   785.6254;   485.3974;     0.0000;     0.0000;     0.0000;     0.0000;     0.0000;     0.0000;     0.0000;     0.0000;     0.0000
      17;        1;  2475.1326;  2390.4682;  1707.5445;     0.0000;     0.0000;     0.0000;     0.0000;     0.0000;     0.0000;     0.0000;     0.0000;     0.0000
      17;        2;  2124.2552;  2200.5730;  1547.3523;     0.0000;     0.0000;     0.0000;     0.0000;     0.0000;     0.0000;     0.0000;     0.0000;     0.0000
      17;        3;  2248.2706;  2254.9245;  1619.0566;     0.0000;     0.0000;     0.0000;     0.0000;     0.0000;     0.0000;     0.0000;     0.0000;     0.0000
      17;        4;  2184.6183;  2232.5262;  1576.6175;     0.0000;     0.0000;     0.0000;     0.0000;     0.0000;     0.0000;     0.0000;     0.0000;     0.0000
      17;        5;  2553.4749;  2434.5250;  1740.6124;     0.0000;     0.0000;     0.0000;     0.0000;     0.0000;     0.0000;     0.0000;     0.0000;     0.0000
      17;        6;  2101.2310;  2185.9155;  1540.2411;     0.0000;     0.0000;     0.0000;     0.0000;     0.0000;     0.0000;     0.0000;     0.0000;     0.0000
      17;        7;  5453.0082;  4050.5703;  2922.4651;     0.0000;     0.0000;     0.0000;     0.0000;     0.0000;     0.0000;     0.0000;     0.0000;     0.0000
      17;        8;  1408.5246;  1787.6758;  1247.3154;     0.0000;     0.0000;     0.0000;     0.0000;     0.0000;     0.0000;     0.0000;     0.0000;     0.0000
     217;        1;   127.9827;   213.9364;   161.9825;     0.0000;     0.0000;     0.0000;     0.0000;     0.0000;     0.0000;     0.0000;     0.0000;     0.0000
     217;        2;   367.5849;   322.1655;   265.9762;     0.0000;     0.0000;     0.0000;     0.0000;     0.0000;     0.0000;     0.0000;     0.0000;     0.0000
     217;        3;   821.2483;   527.0568;   476.5213;     0.0000;     0.0000;     0.0000;     0.0000;     0.0000;     0.0000;     0.0000;     0.0000;     0.0000
     217;        4;  1274.7244;   727.2330;   684.3434;     0.0000;     0.0000;     0.0000;     0.0000;     0.0000;     0.0000;     0.0000;     0.0000;     0.0000
     217;        5;   621.4997;   437.3895;   383.5134;     0.0000;     0.0000;     0.0000;     0.0000;     0.0000;     0.0000;     0.0000;     0.0000;     0.0000
     217;        6;   221.5189;   255.8484;   201.0393;     0.0000;     0.0000;     0.0000;     0.0000;     0.0000;     0.0000;     0.0000;     0.0000;     0.0000
     217;        7;   239.8738;   264.1459;   208.9844;     0.0000;     0.0000;     0.0000;     0.0000;     0.0000;     0.0000;     0.0000;     0.0000;     0.0000
     217;        8;   259.7347;   273.1414;   217.6647;     0.0000;     0.0000;     0.0000;     0.0000;     0.0000;     0.0000;     0.0000;     0.0000;     0.0000
       6;        1;  1170.5068;  1108.3405;   762.9337;     0.0000;     0.0000;     0.0000;     0.0000;     0.0000;     0.0000;     0.0000;     0.0000;     0.0000
       6;        2;  1234.3296;  1145.6630;   788.1543;     0.0000;     0.0000;     0.0000;     0.0000;     0.0000;     0.0000;     0.0000;     0.0000;     0.0000
       6;        3;   897.6217;   947.7355;   654.0602;     0.0000;     0.0000;     0.0000;     0.0000;     0.0000;     0.0000;     0.0000;     0.0000;     0.0000
       6;        4;  1196.8241;  1123.7409;   773.3435;     0.0000;     0.0000;     0.0000;     0.0000;     0.0000;     0.0000;     0.0000;     0.0000;     0.0000
       6;        5;  1204.9241;  1128.4779;   776.5446;     0.0000;     0.0000;     0.0000;     0.0000;     0.0000;     0.0000;     0.0000;     0.0000;     0.0000
       6;        6;  1175.8306;  1111.4571;   765.0407;     0.0000;     0.0000;     0.0000;     0.0000;     0.0000;     0.0000;     0.0000;     0.0000;     0.0000
       6;        7;  2810.9289;  2048.0047;  1394.4091;     0.0000;     0.0000;     0.0000;     0.0000;     0.0000;     0.0000;     0.0000;     0.0000;     0.0000
       6;        8;   769.8086;   871.9159;   602.4018;     0.0000;     0.0000;     0.0000;     0.0000;     0.0000;     0.0000;     0.0000;     0.0000;     0.0000
     275;        1; 19570.1654; 21742.5325; 21051.6621;     0.0000;     0.0000;     0.0000;     0.0000;     0.0000;     0.0000;     0.0000;     0.0000;     0.0000
     275;        2; 21222.5457; 22968.5359; 21867.6985;     0.0000;     0.0000;     0.0000;     0.0000;     0.0000;     0.0000;     0.0000;     0.0000;     0.0000
     275;        3; 11219.1796; 15493.3895; 16860.2405;     0.0000;     0.0000;     0.0000;     0.0000;     0.0000;     0.0000;     0.0000;     0.0000;     0.0000
     275;        4;  9964.7340; 14543.3639; 16216.8921;     0.0000;     0.0000;     0.0000;     0.0000;     0.0000;     0.0000;     0.0000;     0.0000;     0.0000
     275;        5; 22642.7729; 24020.4237; 22566.6016;     0.0000;     0.0000;     0.0000;     0.0000;     0.0000;     0.0000;     0.0000;     0.0000;     0.0000
     275;        6;  8705.6843; 13585.5362; 15566.1299;     0.0000;     0.0000;     0.0000;     0.0000;     0.0000;     0.0000;     0.0000;     0.0000;     0.0000
     275;        7; 15175.6462; 18467.4755; 18862.6754;     0.0000;     0.0000;     0.0000;     0.0000;     0.0000;     0.0000;     0.0000;     0.0000;     0.0000
     275;        8; 10273.1013; 14777.2738; 16375.4813;     0.0000;     0.0000;     0.0000;     0.0000;     0.0000;     0.0000;     0.0000;     0.0000;     0.0000
