    POSTO; CENARIO;     2/2020;     3/2020;     4/2020;     5/2020;     6/2020;     7/2020;     8/2020;     9/2020;    10/2020;    11/2020;    12/2020;     1/2021
       6;        1;  2108.8848;  2381.1171;     0.0000;     0.0000;     0.0000;     0.0000;     0.0000;     0.0000;     0.0000;     0.0000;     0.0000;     0.0000
       6;        2;  2108.8848;  1653.1987;     0.0000;     0.0000;     0.0000;     0.0000;     0.0000;     0.0000;     0.0000;     0.0000;     0.0000;     0.0000
       6;        3;  2108.8848;  1157.4816;     0.0000;     0.0000;     0.0000;     0.0000;     0.0000;     0.0000;     0.0000;     0.0000;     0.0000;     0.0000
       6;        4;  1214.0513;  1883.6757;     0.0000;     0.0000;     0.0000;     0.0000;     0.0000;     0.0000;     0.0000;     0.0000;     0.0000;     0.0000
       6;        5;  1214.0513;  1136.9442;     0.0000;     0.0000;     0.0000;     0.0000;     0.0000;     0.0000;     0.0000;     0.0000;     0.0000;     0.0000
       6;        6;  1214.0513;   704.2333;     0.0000;     0.0000;     0.0000;     0.0000;     0.0000;     0.0000;     0.0000;     0.0000;     0.0000;     0.0000
       6;        7;   705.8604;  1587.5519;     0.0000;     0.0000;     0.0000;     0.0000;     0.0000;     0.0000;     0.0000;     0.0000;     0.0000;     0.0000
       6;        8;   705.8604;   836.7137;     0.0000;     0.0000;     0.0000;     0.0000;     0.0000;     0.0000;     0.0000;     0.0000;     0.0000;     0.0000
       6;        9;   705.8604;   467.8089;     0.0000;     0.0000;     0.0000;     0.0000;     0.0000;     0.0000;     0.0000;     0.0000;     0.0000;     0.0000
