    POSTO; CENARIO;     2/2020;     3/2020;     4/2020;     5/2020;     6/2020;     7/2020;     8/2020;     9/2020;    10/2020;    11/2020;    12/2020;     1/2021
       6;        1;  1832.8114;  2001.9751;     0.0000;     0.0000;     0.0000;     0.0000;     0.0000;     0.0000;     0.0000;     0.0000;     0.0000;     0.0000
       6;        2;  1832.8114;  1117.2800;     0.0000;     0.0000;     0.0000;     0.0000;     0.0000;     0.0000;     0.0000;     0.0000;     0.0000;     0.0000
       6;        3;  1060.2229;  1551.3830;     0.0000;     0.0000;     0.0000;     0.0000;     0.0000;     0.0000;     0.0000;     0.0000;     0.0000;     0.0000
       6;        4;  1060.2229;   713.3539;     0.0000;     0.0000;     0.0000;     0.0000;     0.0000;     0.0000;     0.0000;     0.0000;     0.0000;     0.0000
       6;        5;   563.3887;  1240.5951;     0.0000;     0.0000;     0.0000;     0.0000;     0.0000;     0.0000;     0.0000;     0.0000;     0.0000;     0.0000
       6;        6;   563.3887;   470.2466;     0.0000;     0.0000;     0.0000;     0.0000;     0.0000;     0.0000;     0.0000;     0.0000;     0.0000;     0.0000
       6;        7;  1378.6440;  1739.9801;     0.0000;     0.0000;     0.0000;     0.0000;     0.0000;     0.0000;     0.0000;     0.0000;     0.0000;     0.0000
       6;        8;  1378.6440;   877.4772;     0.0000;     0.0000;     0.0000;     0.0000;     0.0000;     0.0000;     0.0000;     0.0000;     0.0000;     0.0000
       6;        9;  2651.5195;  2464.1642;     0.0000;     0.0000;     0.0000;     0.0000;     0.0000;     0.0000;     0.0000;     0.0000;     0.0000;     0.0000
       6;       10;  2651.5195;  1558.0575;     0.0000;     0.0000;     0.0000;     0.0000;     0.0000;     0.0000;     0.0000;     0.0000;     0.0000;     0.0000
       6;       11;   803.5536;  1394.2669;     0.0000;     0.0000;     0.0000;     0.0000;     0.0000;     0.0000;     0.0000;     0.0000;     0.0000;     0.0000
       6;       12;   803.5536;   585.1024;     0.0000;     0.0000;     0.0000;     0.0000;     0.0000;     0.0000;     0.0000;     0.0000;     0.0000;     0.0000
